%YAML:1.0
depthShift: -1.8412750856560578e+01
