%YAML:1.0
cameraMatrix: !!opencv-matrix
   rows: 3
   cols: 3
   dt: d
   data: [ 1.0543549085431298e+03, 0., 9.6857974572422029e+02, 0.,
       1.0555587331547001e+03, 5.4965702259574823e+02, 0., 0., 1. ]
distortionCoefficients: !!opencv-matrix
   rows: 1
   cols: 5
   dt: d
   data: [ 7.6526404012612528e-02, -1.3571397327564072e-01,
       3.8097923626967631e-05, 4.6093875625709182e-04,
       5.6575715013253897e-02 ]
rotation: !!opencv-matrix
   rows: 3
   cols: 3
   dt: d
   data: [ 1., 0., 0., 0., 1., 0., 0., 0., 1. ]
projection: !!opencv-matrix
   rows: 4
   cols: 4
   dt: d
   data: [ 1.0543549085431298e+03, 0., 9.6857974572422029e+02, 0., 0.,
       1.0555587331547001e+03, 5.4965702259574823e+02, 0., 0., 0., 1.,
       0., 0., 0., 0., 1. ]
