%YAML:1.0
rotation: !!opencv-matrix
   rows: 3
   cols: 3
   dt: d
   data: [ 9.9998698096860705e-01, -5.0771986469543232e-03,
       5.0985016428544024e-04, 5.0786047386853390e-03,
       9.9998319632084709e-01, -2.7955052942819020e-03,
       -4.9564826122919833e-04, 2.7980582269710730e-03,
       9.9999596259332946e-01 ]
translation: !!opencv-matrix
   rows: 3
   cols: 1
   dt: d
   data: [ -5.1868826029355067e-02, 5.8272427543391663e-04,
       -1.0056446306402711e-02 ]
essential: !!opencv-matrix
   rows: 3
   cols: 3
   dt: d
   data: [ 5.0783889592136613e-05, 1.0057907817558493e-02,
       5.5460907384782951e-04, -1.0082024074645994e-02,
       1.9619057097480493e-04, 5.1863489333009417e-02,
       -8.4613795459100938e-04, -5.1864995835341647e-02,
       1.4470247570568591e-04 ]
fundamental: !!opencv-matrix
   rows: 3
   cols: 3
   dt: d
   data: [ 2.9415607624451202e-08, 5.8128229070887697e-06,
       -1.1025690219472195e-03, -5.8331616798676573e-06,
       1.1325620187887992e-07, 1.2413353215229525e-02,
       2.6609976593817788e-03, -3.7296329775877490e-02, 1. ]
