%YAML:1.0
cameraMatrix: !!opencv-matrix
   rows: 3
   cols: 3
   dt: d
   data: [ 3.6449986912099411e+02, 0., 2.5707104076552588e+02, 0.,
       3.6531692938580045e+02, 2.0852201474456979e+02, 0., 0., 1. ]
distortionCoefficients: !!opencv-matrix
   rows: 1
   cols: 5
   dt: d
   data: [ 9.6492026451853216e-02, -2.8149452511616307e-01,
       8.7594659004673267e-04, 3.0722678553011325e-04,
       1.0383905522341859e-01 ]
rotation: !!opencv-matrix
   rows: 3
   cols: 3
   dt: d
   data: [ 1., 0., 0., 0., 1., 0., 0., 0., 1. ]
projection: !!opencv-matrix
   rows: 4
   cols: 4
   dt: d
   data: [ 3.6449986912099411e+02, 0., 2.5707104076552588e+02, 0., 0.,
       3.6531692938580045e+02, 2.0852201474456979e+02, 0., 0., 0., 1.,
       0., 0., 0., 0., 1. ]
